0.01	8       5       5       6       14      11      4       4       2       0       2       4       8       4       9       2       6       4       2
0.1	11      3       9       4       10      11      9       1       5       5       2       5       4       2       5       4       5       3       2	
1	8       5       6       8       9       11      7       2       7       6       2       1       4       4       8       4       3       1       4	
10	9       0       6       8       15      12      7       4       0       4       3       3       6       3       8       2       1       4       5	
20	10      2       5       6       5       10      5       2       5       1       5       3       3       1       14      6       4       6       7
30	8       4       9       8       8       8       7       4       4       2       2       5       7       2       3       3       7       4       5
40	7       4       11      8       3       11      8       7       2       1       3       5       4       4       5       7       4       1       5
50	5       2       8       7       6       10      10      0       3       4       2       8       10      3       8       6       4       2       2
60	5       3       7       6       10      4       4       2       6       3       7       5       10      3       4       8       1       5       7
70	9       4       3       13      6       13      9       4       1       0       3       2       6       2       6       3       4       6       6
80	6       5       6       13      8       10      2       4       6       3       4       6       9       3       4       3       3       2       3
90	8       4       7       10      9       5       13      4       5       2       3       4       3       3       9       2       4       1       4
100	7       2       6       10      10      9       9       2       4       4       3       4       7       3       3       5       4       3       5
